0	1367	1415
0	9975	9998
0	10105	10137
0	10151	10194
0	12440	12474
0	12760	12800
0	16906	16941
1	18235	18275
0	20921	20968
0	22699	22739
1	23215	23256
0	26091	26124
0	32804	32835
0	33444	33489
0	36590	36641
0	38719	38759
0	40029	40064
0	42234	42260
0	43389	43422
1	45690	45730
1	46195	46231
1	51063	51098
0	52624	52660
0	54677	54710
0	55615	55669
0	60059	60091
0	60261	60289
0	63481	63520
0	67032	67078
1	67688	67707
1	74910	74948
0	89890	89929
0	90077	90124
0	90599	90634
1	90700	90737
0	95064	95092
0	101327	101360
1	101598	101631
0	114057	114096
0	115858	115895
0	116907	116942
0	124719	124763
0	131650	131692
0	135251	135297
0	139041	139086
0	142000	142039
1	142850	142888
0	143804	143843
1	147798	147830
0	149146	149181
0	153434	153490
0	154493	154541
0	154736	154761
0	154932	154971
0	166134	166162
0	168599	168656
0	174252	174285
0	177505	177560
0	180777	180816
1	180956	180983
0	182640	182667
0	186025	186059
1	187687	187730
0	192289	192320
0	194693	194724
0	203617	203643
0	205294	205341
0	205778	205805
0	213754	213797
0	216308	216352
0	219711	219749
0	221289	221331
1	225488	225532
0	230359	230392
1	233514	233561
1	234992	235021
1	237913	237962
0	238256	238295
1	241378	241407
0	246020	246076
0	249690	249723
0	249796	249818
0	255129	255165
0	255513	255550
1	256349	256398
1	256523	256574
1	260716	260767
0	261124	261164
0	263986	264039
1	264182	264225
0	267664	267695
0	267906	267946
0	271115	271140
0	273973	274006
0	278000	278032
0	283124	283163
0	285053	285094
0	290484	290526
0	292910	292951
0	294399	294429
0	296220	296261
0	297666	297713
0	298955	298996
1	301825	301859
1	303050	303095
0	306884	306935
0	307391	307434
1	308192	308240
1	308860	308910
1	315568	315593
0	319112	319150
0	319302	319349
0	319589	319634
0	321198	321242
0	324699	324727
0	327764	327799
1	331349	331390
0	335543	335595
0	338245	338286
0	340155	340215
0	344967	345015
0	345289	345329
1	349943	349989
1	351763	351796
0	357117	357155
0	357271	357301
0	365025	365052
0	368647	368686
1	370147	370186
0	375217	375264
0	380041	380082
0	381664	381703
0	382456	382502
0	383249	383270
0	388614	388657
0	391136	391172
1	392299	392321
0	394968	395015
0	400493	400540
0	406425	406470
0	406881	406922
1	411416	411452
0	415217	415261
0	420997	421035
0	421753	421799
0	421885	421922
0	424482	424505
0	428310	428359
0	430493	430529
0	430799	430840
1	432466	432512
0	432974	433004
1	442386	442435
0	445535	445567
0	446206	446233
1	450386	450418
0	451572	451603
1	453621	453649
1	454397	454426
0	454494	454536
1	459594	459622
0	461308	461360
0	464007	464064
0	465071	465102
0	466368	466404
1	467531	467553
0	468312	468351
0	468540	468585
0	472067	472114
1	474363	474403
1	480712	480737
1	483076	483143
0	484847	484875
1	488442	488487
0	494772	494805
1	498698	498730
0	504602	504637
0	505948	505979
0	507202	507242
0	508374	508408
0	509133	509166
0	515172	515210
0	515791	515831
0	520658	520679
0	526686	526726
0	526817	526848
0	527930	527979
0	530205	530249
1	532949	532987
1	539171	539208
0	544517	544548
0	546187	546215
0	553486	553531
1	555294	555340
0	557254	557304
1	561486	561517
0	561770	561809
0	564731	564755
0	568567	568600
0	568655	568694
0	570367	570413
0	581167	581224
0	590120	590167
0	590205	590239
0	592474	592521
0	598867	598904
1	604949	604977
1	605725	605754
0	605822	605864
0	610813	610856
1	613130	613169
0	614547	614587
0	622413	622459
0	624672	624718
1	624739	624764
0	625675	625701
1	626883	626925
0	627118	627158
0	628815	628848
0	629027	629066
0	629231	629266
0	631551	631583
0	632546	632587
0	641619	641662
1	642138	642171
0	646625	646666
0	652435	652474
1	655406	655435
0	655503	655545
0	660651	660689
0	661527	661551
0	661594	661632
0	663307	663349
1	672054	672087
0	678905	678927
1	680151	680193
0	681072	681100
0	681175	681211
1	682338	682360
0	687674	687712
1	689074	689109
0	691439	691481
0	694108	694160
0	701138	701170
0	706237	706264
0	707079	707106
0	726306	726347
0	726389	726424
1	728110	728162
0	731361	731400
0	732574	732610
0	739855	739899
0	744080	744123
0	744488	744517
0	752038	752079
0	752192	752227
0	755931	755978
0	757783	757823
0	758799	758843
1	760473	760514
1	769552	769600
0	775430	775470
0	776595	776629
1	777084	777123
0	779488	779526
0	782503	782545
0	784888	784941
0	785338	785361
0	787719	787764
0	791734	791768
0	793985	794013
0	794758	794794
0	797330	797367
0	800015	800056
1	804934	804968
1	806113	806160
0	807868	807897
0	814712	814747
0	816305	816341
1	817712	817738
1	818481	818528
0	824412	824443
0	826167	826198
1	830592	830644
0	833282	833332
0	836181	836220
0	837215	837253
0	842933	842967
0	844319	844364
0	845233	845286
0	849002	849039
0	851338	851375
0	851740	851778
0	853679	853714
1	856665	856713
1	856963	857006
0	860347	860374
0	860707	860756
1	861980	862021
0	864130	864169
0	866397	866441
1	871678	871719
0	874297	874321
0	874504	874555
1	877170	877208
1	879412	879445
0	885175	885216
0	886532	886578
0	886651	886697
1	887550	887578
1	888446	888475
0	888543	888585
0	893695	893744
0	893967	894010
0	901607	901644
0	904295	904345
0	905137	905172
0	908751	908800
0	910875	910911
1	916123	916154
0	926397	926427
0	928508	928547
0	932632	932670
0	934508	934554
0	934784	934815
0	935147	935197
1	936603	936626
0	940283	940319
0	943337	943373
1	944500	944522
0	949055	949103
1	949285	949322
0	950491	950520
0	950734	950781
1	950889	950928
0	953535	953578
1	959657	959694
0	961825	961862
0	961865	961901
0	961870	961901
0	965159	965204
0	966836	966869
0	976558	976598
0	976593	976633
0	978051	978092
0	979019	979062
0	988710	988749
0	991410	991447
0	995981	996022
1	1001738	1001780
0	1002137	1002174
0	1007582	1007611
1	1009485	1009513
0	1010497	1010534
1	1012043	1012077
0	1015687	1015732
1	1019152	1019190
0	1019392	1019443
1	1022574	1022613
1	1025388	1025426
1	1030926	1030958
0	1037103	1037147
0	1038078	1038125
0	1041252	1041281
0	1055379	1055404
0	1059976	1060008
0	1063535	1063559
0	1065116	1065157
0	1069657	1069700
0	1071861	1071897
0	1074483	1074517
0	1075471	1075502
0	1078821	1078865
1	1081865	1081912
1	1083343	1083372
0	1085648	1085697
0	1091069	1091111
0	1092738	1092785
0	1095102	1095124
0	1101345	1101391
0	1106365	1106396
0	1106504	1106551
0	1108435	1108472
1	1108633	1108683
0	1111743	1111780
1	1119201	1119223
0	1129830	1129862
0	1131136	1131179
0	1131509	1131549
0	1132334	1132374
0	1136943	1136980
0	1137258	1137297
0	1137595	1137638
1	1137997	1138035
0	1139296	1139337
0	1140029	1140065
0	1148076	1148124
0	1149215	1149254
0	1155854	1155914
0	1166670	1166720
0	1169374	1169432
1	1175770	1175821
0	1177594	1177644
0	1177922	1177964
0	1178199	1178249
1	1182005	1182047
1	1182060	1182104
1	1186254	1186290
0	1193235	1193278
0	1211261	1211310
0	1218455	1218492
0	1221679	1221725
1	1222336	1222376
0	1225199	1225255
0	1225374	1225410
0	1226628	1226669
0	1232713	1232756
0	1241316	1241346
0	1243174	1243217
0	1245892	1245929
0	1248076	1248121
0	1256164	1256199
1	1258065	1258099
0	1262041	1262080
0	1266054	1266088
1	1267888	1267940
0	1274009	1274056
0	1278581	1278614
0	1284531	1284575
1	1287221	1287266
0	1290554	1290580
0	1290833	1290870
0	1291832	1291878
0	1293528	1293573
1	1301578	1301624
0	1304400	1304434
0	1309626	1309661
0	1318944	1318969
1	1319616	1319650
0	1322221	1322246
0	1325838	1325867
1	1328960	1328991
0	1329087	1329131
0	1330713	1330742
0	1334996	1335030
0	1346633	1346668
1	1348075	1348128
1	1352874	1352901
0	1355286	1355314
0	1357203	1357251
0	1357951	1357988
0	1358210	1358259
0	1361336	1361372
0	1362855	1362910
1	1364982	1365020
1	1367931	1367966
0	1369701	1369741
0	1375190	1375234
0	1376330	1376364
0	1376600	1376633
0	1378025	1378065
0	1383368	1383396
0	1385644	1385694
0	1387079	1387131
0	1393086	1393132
0	1394533	1394566
0	1395382	1395425
1	1401723	1401762
0	1401728	1401773
1	1402881	1402921
0	1403401	1403440
1	1404302	1404338
1	1405539	1405574
0	1410115	1410156
0	1416903	1416952
0	1419807	1419844
0	1421203	1421237
0	1422563	1422606
1	1425180	1425227
1	1426658	1426687
0	1430630	1430665
0	1434846	1434880
0	1439757	1439787
0	1446581	1446623
0	1454312	1454344
0	1454590	1454642
1	1458942	1458972
0	1459260	1459306
1	1461612	1461640
0	1463304	1463330
1	1469307	1469352
1	1470020	1470052
0	1473854	1473890
0	1476435	1476483
0	1477909	1477949
1	1479956	1480001
1	1481041	1481088
1	1482519	1482548
0	1487349	1487374
1	1490263	1490306
1	1490329	1490378
0	1491977	1492017
0	1493094	1493116
0	1494341	1494371
0	1497153	1497187
0	1498262	1498303
0	1501728	1501770
1	1506428	1506481
0	1506861	1506907
0	1509008	1509040
0	1512146	1512173
1	1514433	1514464
0	1519008	1519041
1	1522732	1522782
0	1527880	1527924
1	1527938	1527967
0	1531630	1531668
0	1536871	1536896
0	1536874	1536904
1	1542251	1542292
1	1543411	1543448
1	1546015	1546053
0	1548774	1548819
0	1551672	1551704
0	1554284	1554322
0	1556949	1556986
0	1557091	1557142
0	1557246	1557297
0	1557847	1557884
0	1558875	1558909
0	1563832	1563875
0	1567490	1567531
0	1568725	1568759
1	1568879	1568906
0	1571038	1571075
0	1571466	1571503
0	1572097	1572144
0	1572496	1572539
0	1577025	1577072
0	1578042	1578083
1	1583723	1583767
0	1584098	1584143
1	1588251	1588292
0	1588555	1588594
0	1597063	1597088
0	1601640	1601682
0	1602571	1602606
1	1606431	1606454
0	1613574	1613616
0	1619961	1619994
0	1624881	1624924
0	1625459	1625497
0	1635678	1635718
1	1639361	1639387
0	1640416	1640456
0	1641114	1641146
0	1641933	1641972
0	1644142	1644173
1	1644823	1644868
1	1654005	1654032
0	1654365	1654414
0	1656467	1656508
0	1657674	1657724
1	1658824	1658861
0	1662862	1662899
1	1663948	1663997
1	1665164	1665212
0	1668937	1668964
1	1673426	1673470
0	1673941	1673984
0	1673997	1674028
1	1675251	1675306
1	1676146	1676193
1	1680120	1680159
1	1680833	1680879
0	1684495	1684537
0	1684780	1684821
0	1688310	1688364
0	1694025	1694058
0	1695118	1695162
0	1696906	1696948
0	1697520	1697566
0	1702122	1702144
0	1708114	1708140
0	1710105	1710155
0	1713761	1713796
0	1718561	1718609
0	1720219	1720270
0	1721579	1721626
0	1722740	1722779
0	1723244	1723282
0	1723878	1723922
1	1724768	1724802
1	1728550	1728592
0	1729571	1729612
0	1729640	1729678
1	1730303	1730347
1	1735987	1736034
1	1736017	1736059
0	1738112	1738157
1	1738386	1738411
0	1739037	1739080
0	1739088	1739126
0	1739602	1739647
1	1740376	1740426
0	1745420	1745467
0	1750237	1750266
0	1752025	1752054
1	1754488	1754526
0	1755530	1755576
0	1760338	1760382
0	1763602	1763637
0	1767845	1767882
1	1770165	1770205
1	1771515	1771566
1	1773547	1773602
0	1775702	1775732
0	1776132	1776173
1	1776438	1776469
0	1778795	1778828
0	1779828	1779869
0	1782725	1782760
1	1785782	1785823
0	1788421	1788464
0	1790383	1790422
1	1790529	1790577
0	1793263	1793308
0	1795804	1795826
1	1800702	1800739
0	1804635	1804686
0	1813879	1813912
0	1818391	1818418
0	1818549	1818575
0	1820661	1820695
1	1831460	1831496
0	1837172	1837211
0	1844293	1844325
0	1849199	1849239
0	1850802	1850829
1	1851656	1851685
0	1851753	1851795
0	1856745	1856783
0	1868412	1868457
1	1872547	1872599
1	1874218	1874253
0	1880797	1880833
0	1885870	1885916
0	1885934	1885977
1	1894714	1894759
0	1894765	1894801
0	1896081	1896127
0	1899106	1899133
0	1900046	1900087
0	1900701	1900740
1	1909360	1909404
0	1910727	1910752
0	1914344	1914397
0	1916419	1916447
0	1916582	1916621
0	1918803	1918832
0	1920263	1920310
0	1921657	1921710
0	1923732	1923760
0	1923895	1923934
0	1926116	1926145
0	1927576	1927623
0	1928970	1929023
0	1931045	1931073
0	1931208	1931247
0	1933429	1933458
0	1934889	1934936
0	1935569	1935606
0	1941354	1941381
1	1941359	1941392
1	1947872	1947927
1	1952468	1952523
0	1956146	1956180
0	1960331	1960374
1	1971000	1971043
1	1971115	1971152
1	1972471	1972508
1	1973947	1974002
0	1974656	1974703
0	1975647	1975687
0	1977137	1977172
0	1978727	1978766
1	1986099	1986146
1	1987043	1987085
1	1989297	1989334
1	1989420	1989461
0	1992142	1992186
0	1995819	1995858
0	1996341	1996383
1	2001342	2001381
0	2003772	2003821
1	2005619	2005666
1	2005821	2005864
1	2010982	2011006
1	2012957	2013003
1	2013100	2013148
0	2015043	2015079
0	2017502	2017540
1	2020117	2020169
0	2022106	2022151
1	2031233	2031278
1	2041647	2041684
1	2049216	2049265
1	2050509	2050566
1	2051927	2051967
0	2054316	2054358
1	2058717	2058757
0	2059531	2059579
1	2062868	2062900
0	2065082	2065121
1	2069599	2069637
1	2075375	2075411
0	2076297	2076334
1	2080037	2080078
0	2083665	2083715
1	2086880	2086922
0	2089779	2089829
0	2091603	2091653
0	2092687	2092722
1	2097689	2097720
0	2101457	2101485
1	2106393	2106436
1	2111147	2111189
0	2116906	2116948
0	2117940	2117978
1	2119605	2119639
1	2123483	2123506
0	2126663	2126694
0	2126745	2126784
0	2135393	2135432
0	2139175	2139201
0	2140645	2140682
0	2141412	2141435
0	2144830	2144873
0	2151880	2151904
0	2163284	2163335
0	2163689	2163736
1	2168495	2168536
1	2176684	2176708
0	2177464	2177498
0	2177865	2177901
1	2179028	2179050
1	2180086	2180130
0	2184591	2184626
0	2184950	2184987
0	2186035	2186071
1	2187198	2187220
0	2188706	2188752
0	2189819	2189855
1	2190635	2190686
0	2193113	2193135
1	2200988	2201033
1	2201276	2201306
0	2201495	2201531
1	2202658	2202680
0	2203306	2203331
1	2203682	2203720
1	2204794	2204838
1	2205591	2205630
0	2208680	2208712
0	2209599	2209637
0	2212482	2212522
1	2212844	2212892
1	2217582	2217619
1	2220025	2220066
1	2222967	2223001
0	2223118	2223155
1	2223958	2224003
1	2227299	2227331
0	2227483	2227518
0	2230998	2231027
0	2236449	2236480
1	2249121	2249165
1	2259998	2260029
1	2263707	2263748
0	2269666	2269705
0	2270670	2270705
0	2272074	2272113
1	2272148	2272182
0	2272226	2272258
1	2278414	2278448
1	2280353	2280413
1	2282201	2282236
0	2283754	2283793
0	2285616	2285653
0	2292339	2292381
0	2297903	2297942
1	2300944	2300985
1	2301907	2301946
1	2305597	2305625
1	2316596	2316639
1	2317009	2317044
1	2318555	2318606
0	2321870	2321900
0	2322526	2322569
0	2324187	2324224
1	2325103	2325134
0	2325834	2325875
1	2325865	2325917
0	2327265	2327303
1	2331596	2331637
0	2334825	2334859
0	2336519	2336551
1	2342744	2342784
1	2345421	2345477
1	2350047	2350099
1	2352847	2352903
0	2352888	2352922
1	2354324	2354359
1	2355822	2355869
1	2356241	2356288
1	2359379	2359426
1	2359534	2359563
1	2360887	2360924
0	2363195	2363226
0	2364527	2364559
0	2365805	2365845
1	2369331	2369360
1	2369530	2369557
1	2369890	2369934
0	2376418	2376468
1	2377690	2377736
1	2378943	2378981
1	2394967	2395006
0	2397288	2397333
0	2399924	2399961
0	2404204	2404236
1	2406270	2406300
0	2414681	2414717
0	2415215	2415258
1	2416020	2416063
0	2419316	2419353
0	2422154	2422176
0	2428045	2428094
0	2429629	2429661
1	2430768	2430807
1	2439757	2439802
1	2441087	2441121
1	2442695	2442736
1	2445488	2445530
1	2447421	2447457
1	2449901	2449938
0	2452098	2452136
0	2453153	2453190
1	2453877	2453905
1	2455369	2455409
0	2456721	2456750
0	2458837	2458880
0	2462701	2462751
0	2463592	2463631
1	2466108	2466132
1	2466885	2466933
0	2469971	2470000
1	2471916	2471954
1	2472463	2472496
0	2473176	2473223
0	2473498	2473537
0	2473960	2474005
0	2478652	2478683
0	2481256	2481309
1	2483167	2483218
0	2484053	2484094
1	2492149	2492179
1	2492149	2492179
1	2493103	2493130
0	2494857	2494901
0	2495553	2495574
1	2495587	2495633
0	2499803	2499839
1	2500191	2500215
1	2500970	2500998
0	2506131	2506158
1	2512368	2512435
0	2516694	2516744
0	2516941	2516977
1	2518104	2518126
0	2522044	2522077
0	2522696	2522733
0	2525301	2525330
0	2526761	2526808
0	2527597	2527632
1	2528562	2528593
1	2532871	2532916
0	2532951	2533014
1	2543297	2543334
0	2544909	2544950
1	2545153	2545194
1	2548636	2548677
0	2552266	2552307
0	2562660	2562689
1	2564011	2564042
1	2574285	2574315
0	2587827	2587872
0	2589623	2589665
0	2590831	2590866
1	2591621	2591648
1	2593886	2593917
1	2596757	2596807
1	2597082	2597129
0	2599062	2599109
0	2599683	2599718
0	2599887	2599917
1	2601883	2601922
0	2602239	2602284
1	2609655	2609679
1	2610436	2610466
0	2610475	2610510
1	2617954	2617999
0	2618869	2618898
1	2620092	2620124
1	2633438	2633478
0	2638151	2638178
0	2647382	2647424
0	2654395	2654439
0	2657107	2657143
0	2657286	2657321
0	2661213	2661269
1	2665250	2665295
1	2676564	2676603
0	2678972	2679006
1	2680145	2680191
0	2689721	2689766
0	2689804	2689850
1	2693748	2693784
1	2699462	2699496
1	2702191	2702232
1	2705353	2705390
0	2706817	2706847
1	2711062	2711098
0	2719950	2719995
1	2721207	2721241
0	2721766	2721803
0	2731252	2731301
1	2738991	2739029
0	2741851	2741893
1	2743843	2743874
0	2751045	2751083
1	2751693	2751737
1	2773424	2773461
1	2774861	2774904
0	2777711	2777760
0	2777981	2778006
0	2783105	2783144
0	2784298	2784343
0	2792270	2792312
0	2795397	2795426
0	2796857	2796904
0	2798132	2798164
0	2801394	2801429
1	2802238	2802280
0	2806433	2806482
1	2822474	2822514
0	2826271	2826320
0	2841170	2841223
1	2845987	2846039
1	2852983	2853010
1	2858857	2858908
0	2873545	2873586
0	2875694	2875721
0	2879501	2879553
1	2883180	2883218
0	2883185	2883224
0	2888945	2888989
1	2891638	2891678
0	2892908	2892956
1	2893207	2893248
1	2905140	2905204
0	2915013	2915055
0	2915123	2915152
0	2915900	2915928
0	2919084	2919124
0	2919918	2919969
1	2920031	2920070
0	2921346	2921392
0	2921561	2921601
0	2925866	2925922
0	2932874	2932910
1	2941113	2941160
1	2944375	2944417
0	2947155	2947197
0	2950037	2950078
0	2951207	2951246
0	2951611	2951653
0	2959282	2959317
1	2959944	2959979
0	2964344	2964388
1	2966617	2966644
1	2967881	2967903
0	2971193	2971235
1	2972454	2972484
1	2973315	2973346
0	2973465	2973497
1	2976409	2976461
0	2981930	2981977
0	2983231	2983273
0	2984123	2984174
1	2989257	2989305
1	2989781	2989818
0	2995389	2995424
0	2999103	2999151
1	3001357	3001384
0	3005656	3005686
0	3006052	3006088
0	3009769	3009810
0	3014182	3014224
1	3015173	3015219
0	3016352	3016400
0	3018369	3018393
0	3022327	3022358
0	3028824	3028867
1	3029085	3029128
0	3033261	3033307
1	3041676	3041726
1	3045808	3045849
0	3048210	3048248
0	3053316	3053357
0	3055454	3055494
0	3056831	3056871
1	3058073	3058119
0	3066693	3066731
0	3067121	3067148
0	3069425	3069463
0	3070175	3070219
0	3075395	3075423
0	3075744	3075780
1	3076907	3076929
0	3077396	3077418
1	3083934	3083973
1	3089686	3089732
0	3094951	3094998
1	3095557	3095583
1	3097185	3097231
0	3098629	3098660
1	3101327	3101364
0	3107684	3107734
1	3113647	3113670
1	3113774	3113806
1	3116141	3116183
1	3118009	3118045
1	3120828	3120871
1	3122497	3122531
0	3125929	3125966
0	3128509	3128562
1	3131103	3131144
1	3131109	3131152
1	3133020	3133079
0	3136064	3136102
1	3136572	3136614
1	3137222	3137278
0	3141594	3141625
1	3152598	3152651
1	3154524	3154553
0	3160731	3160777
0	3161844	3161880
1	3163025	3163073
0	3166346	3166394
1	3175245	3175272
1	3183699	3183766
1	3184108	3184148
1	3184328	3184372
0	3184396	3184433
0	3185225	3185250
0	3185329	3185364
0	3185698	3185742
0	3190290	3190339
0	3191940	3191981
0	3192575	3192615
0	3192930	3192971
0	3193865	3193893
0	3196877	3196902
0	3203358	3203395
1	3211613	3211646
1	3211639	3211688
1	3212285	3212310
1	3213288	3213339
0	3215848	3215896
1	3215973	3216018
1	3216740	3216786
1	3218722	3218784
1	3220951	3220984
1	3223584	3223617
1	3223623	3223652
0	3225096	3225132
1	3226259	3226281
0	3226697	3226738
1	3227976	3228021
1	3231371	3231414
0	3232644	3232680
1	3233807	3233829
0	3235489	3235530
0	3239278	3239300
0	3240592	3240625
0	3241986	3242008
1	3247451	3247482
0	3258664	3258710
0	3259777	3259813
0	3260833	3260855
0	3269498	3269545
0	3275489	3275528
0	3280980	3281043
0	3281681	3281725
0	3291066	3291111
1	3291316	3291342
1	3294429	3294455
1	3294650	3294686
0	3294914	3294945
1	3295505	3295539
1	3301180	3301220
0	3305015	3305076
0	3306137	3306183
0	3306278	3306319
0	3309964	3309994
1	3310088	3310124
1	3315247	3315272
1	3318206	3318245
0	3321567	3321604
0	3322769	3322805
0	3326925	3326958
1	3327100	3327133
0	3330094	3330133
0	3331306	3331337
0	3331887	3331932
0	3336355	3336396
1	3338805	3338848
1	3341439	3341482
1	3344200	3344224
1	3344484	3344522
1	3345730	3345767
1	3345868	3345919
0	3346788	3346820
1	3347597	3347640
1	3349916	3349954
0	3351654	3351672
1	3351734	3351775
1	3355299	3355340
1	3356250	3356283
1	3360271	3360304
0	3369108	3369141
1	3369241	3369288
1	3374349	3374394
1	3375641	3375676
1	3380217	3380268
1	3381448	3381487
0	3382780	3382807
1	3385225	3385259
1	3387431	3387472
1	3388317	3388358
1	3390742	3390786
1	3390941	3390980
1	3392738	3392777
1	3393481	3393509
1	3395946	3395989
0	3398164	3398201
1	3399657	3399695
0	3403251	3403290
1	3403640	3403678
0	3406136	3406186
1	3407185	3407236
1	3408028	3408071
1	3410617	3410657
1	3412329	3412376
1	3413446	3413492
1	3413487	3413527
1	3417454	3417494
1	3419070	3419136
1	3419196	3419226
1	3419464	3419510
0	3420333	3420360
1	3420636	3420676
0	3421527	3421571
1	3423132	3423164
1	3424810	3424859
1	3427081	3427105
0	3429483	3429516
0	3431271	3431311
1	3434598	3434636
0	3435993	3436032
1	3439209	3439250
1	3441096	3441145
0	3441332	3441375
0	3444154	3444186
0	3447108	3447144
1	3448271	3448293
0	3449034	3449084
1	3449289	3449317
1	3453086	3453123
0	3453468	3453518
0	3454276	3454331
1	3455690	3455738
0	3457341	3457381
1	3458665	3458701
0	3458837	3458887
1	3464382	3464429
0	3467378	3467419
0	3467815	3467850
0	3473734	3473765
0	3474992	3475036
0	3478377	3478431
0	3480290	3480327
0	3490756	3490813
1	3494612	3494649
1	3495789	3495832
1	3496500	3496523
1	3497126	3497170
1	3498921	3498959
1	3502656	3502691
1	3502922	3502961
1	3507662	3507694
0	3513988	3514010
0	3524281	3524327
0	3525394	3525430
0	3526569	3526591
0	3530121	3530157
1	3531284	3531306
0	3533634	3533680
1	3533708	3533751
0	3535636	3535666
0	3539625	3539672
0	3540500	3540536
1	3540988	3541012
1	3541535	3541580
0	3542345	3542389
0	3543845	3543889
0	3547857	3547891
0	3549535	3549562
1	3549620	3549661
0	3550271	3550299
0	3556294	3556338
1	3559994	3560027
0	3562056	3562101
1	3562195	3562229
0	3567273	3567323
1	3569294	3569317
1	3569738	3569795
0	3570492	3570539
0	3571264	3571300
1	3571545	3571581
1	3576582	3576601
1	3576627	3576672
1	3577277	3577305
1	3578007	3578032
1	3578944	3578997
0	3582676	3582714
1	3587185	3587236
1	3588289	3588316
1	3592420	3592454
1	3595931	3595965
1	3596835	3596870
1	3600011	3600048
0	3617604	3617649
0	3617997	3618037
0	3619672	3619713
1	3620051	3620090
1	3622077	3622104
1	3622518	3622551
1	3623946	3623983
1	3624255	3624285
1	3628018	3628064
1	3628287	3628313
0	3634189	3634218
1	3635151	3635194
0	3642902	3642934
1	3643340	3643368
1	3648215	3648264
0	3648417	3648460
0	3648878	3648925
0	3648912	3648964
0	3650529	3650561
1	3651714	3651744
0	3652930	3652971
0	3653916	3653940
0	3654070	3654102
1	3657293	3657315
0	3658659	3658705
1	3660872	3660918
1	3662018	3662052
1	3665638	3665674
1	3665717	3665742
0	3670363	3670402
0	3672914	3672946
1	3673056	3673094
1	3674196	3674234
1	3675403	3675432
1	3679001	3679041
1	3680576	3680605
1	3681619	3681663
0	3684031	3684076
1	3684486	3684530
0	3691198	3691228
0	3695100	3695140
1	3695253	3695289
1	3697684	3697734
1	3697922	3697951
0	3702506	3702540
0	3707082	3707120
0	3711038	3711074
0	3713757	3713810
1	3714503	3714537
1	3716440	3716482
1	3719171	3719203
1	3720812	3720855
1	3721078	3721123
0	3725400	3725445
0	3727432	3727472
1	3728537	3728577
1	3734142	3734183
1	3738126	3738159
0	3744767	3744800
0	3746646	3746692
0	3749238	3749275
0	3751705	3751744
0	3754149	3754192
0	3754498	3754533
1	3755551	3755588
0	3755795	3755826
1	3755850	3755888
1	3760180	3760209
0	3762682	3762714
0	3767582	3767618
0	3768317	3768355
0	3770510	3770571
0	3774429	3774466
0	3774946	3774976
0	3776600	3776633
0	3776922	3776964
0	3779235	3779284
0	3791685	3791718
0	3793295	3793344
0	3798761	3798804
0	3801829	3801869
0	3809994	3810040
1	3815458	3815496
1	3822141	3822165
1	3822923	3822961
1	3823201	3823239
1	3823747	3823797
0	3824439	3824468
0	3824786	3824819
1	3826291	3826364
1	3826433	3826460
1	3827506	3827553
0	3831124	3831151
0	3831124	3831151
1	3835619	3835670
1	3836724	3836751
1	3840845	3840879
1	3844356	3844390
1	3845260	3845295
0	3848750	3848795
1	3862307	3862350
0	3864909	3864962
0	3866802	3866826
0	3869310	3869357
1	3871641	3871676
0	3875422	3875450
1	3876951	3876990
0	3879811	3879850
0	3880566	3880599
1	3881916	3881955
1	3883776	3883811
1	3885050	3885077
1	3887620	3887655
0	3887991	3888030
0	3895285	3895324
0	3896342	3896377
1	3897518	3897556
1	3898660	3898698
1	3899239	3899278
1	3902502	3902539
1	3906965	3906997
0	3907316	3907355
1	3909470	3909507
1	3913336	3913364
0	3917655	3917697
1	3918832	3918866
1	3919083	3919114
1	3930122	3930160
0	3934071	3934113
1	3936078	3936113
1	3939682	3939718
0	3942166	3942195
1	3944596	3944645
0	3945380	3945428
1	3946084	3946129
1	3948539	3948581
0	3952824	3952865
0	3954191	3954225
0	3954715	3954742
0	3958820	3958864
0	3960074	3960103
0	3960678	3960704
1	3967115	3967158
1	3968424	3968461
0	3969439	3969481
0	3969572	3969609
0	3971106	3971146
1	3979427	3979455
0	3984538	3984580
0	3984648	3984677
1	3987729	3987762
0	3987798	3987844
0	3989439	3989468
1	3990868	3990913
1	3993023	3993064
1	3995105	3995139
0	3997405	3997434
1	3997415	3997452
0	3999045	3999081
0	4002405	4002441
0	4004438	4004474
0	4007584	4007628
0	4008433	4008474
0	4011507	4011548
1	4017760	4017803
0	4018799	4018825
0	4021332	4021379
0	4022975	4023018
1	4026456	4026499
0	4027012	4027046
0	4030402	4030431
0	4031893	4031930
0	4034383	4034420
0	4036615	4036657
1	4037699	4037744
0	4038892	4038916
0	4043954	4043995
1	4044308	4044360
1	4044495	4044535
1	4046208	4046239
1	4051656	4051684
0	4056714	4056756
0	4056824	4056853
1	4065861	4065888
